1 0.02421875 0.79609375 0.0484375 0.0453125
0 0.0453125 0.59140625 0.090625 0.0390625
0 0.0296875 0.83203125 0.059375 0.0703125
0 0.05625 0.61640625 0.1125 0.0796875
0 0.05078125 0.653125 0.06875 0.0328125
0 0.10390625 0.46015625 0.1265625 0.0765625
0 0.1140625 0.50546875 0.06875 0.0375
0 0.11015625 0.5484375 0.046875 0.0296875
0 0.15390625 0.31484375 0.1203125 0.0734375
0 0.146875 0.40234375 0.0734375 0.0359375
0 0.16484375 0.3734375 0.0609375 0.034375
0 0.2 0.23671875 0.06875 0.0375
0 0.2140625 0.16796875 0.065625 0.0328125
0 0.19921875 0.271875 0.06875 0.034375
0 0.2359375 0.13515625 0.13125 0.0796875
0 0.2546875 0.03203125 0.075 0.0453125
0 0.25390625 0.0703125 0.0609375 0.03125
0 0.28359375 0.0046875 0.0859375 0.009375