0 0.54296875 0.76171875 0.0625 0.0375
0 0.46796875 0.6875 0.065625 0.0390625
0 0.52421875 0.290625 0.0796875 0.0515625
1 0.51640625 0.1609375 0.0671875 0.059375
1 0.4578125 0.4859375 0.05625 0.0328125
0 0.41796875 0.28671875 0.0875 0.06875
0 0.88203125 0.7359375 0.040625 0.025
1 0.80390625 0.284375 0.0625 0.0375
0 0.7390625 0.66875 0.0546875 0.0359375
0 0.80546875 0.1796875 0.046875 0.028125
0 0.72421875 0.39453125 0.0546875 0.0328125
1 0.6390625 0.4953125 0.0796875 0.0546875
0 0.6109375 0.659375 0.065625 0.034375
0 0.6921875 0.14296875 0.053125 0.0359375
1 0.6734375 0.22734375 0.0640625 0.0421875