0 0.4703125 0.5046875 0.184375 0.1328125
0 0.0234375 0.3828125 0.046875 0.05
0 0.1140625 0.73515625 0.08125 0.0546875
0 0.01171875 0.146875 0.0234375 0.053125
0 0.06875 0.4984375 0.0875 0.065625
0 0.01796875 0.18046875 0.0359375 0.0578125
0 0.9171875 0.64609375 0.165625 0.1953125
0 0.18515625 0.89765625 0.125 0.08125
0 0.07734375 0.43203125 0.090625 0.0671875
0 0.08203125 0.37109375 0.1078125 0.0796875
0 0.15390625 0.63203125 0.0953125 0.065625
0 0.17265625 0.55 0.14375 0.1078125
0 0.2859375 0.95234375 0.1140625 0.06875
0 0.11015625 0.13203125 0.1421875 0.1
0 0.2484375 0.62578125 0.1359375 0.0890625
0 0.07578125 0.76328125 0.0578125 0.0515625
0 0.01875 0.49140625 0.0375 0.0484375
0 0.18359375 0.33359375 0.1140625 0.0875
0 0.3140625 0.85859375 0.125 0.1
0 0.32265625 0.70390625 0.140625 0.1078125
0 0.265625 0.390625 0.1671875 0.11875
0 0.07421875 0.71171875 0.08125 0.0609375
0 0.45546875 0.94921875 0.1578125 0.1015625
0 0.2953125 0.196875 0.159375 0.1140625