0 0.4703125 0.49609375 0.18125 0.128125
0 0.025 0.63359375 0.05 0.0484375
0 0.10625 0.278125 0.08125 0.0515625
0 0.01796875 0.86953125 0.0359375 0.0515625
0 0.06953125 0.51640625 0.0859375 0.0640625
0 0.0234375 0.8359375 0.046875 0.05625
0 0.915625 0.3375 0.16875 0.190625
0 0.171875 0.1140625 0.1234375 0.0765625
0 0.0796875 0.5828125 0.0890625 0.0640625
0 0.08671875 0.64296875 0.10625 0.0765625
0 0.14921875 0.3796875 0.0953125 0.0625
0 0.17109375 0.4609375 0.1421875 0.1046875
0 0.2703125 0.05546875 0.1125 0.065625
0 0.1234375 0.88125 0.140625 0.096875
0 0.24453125 0.38359375 0.134375 0.0859375
0 0.0671875 0.2515625 0.0578125 0.05
0 0.01875 0.525 0.0375 0.046875
0 0.18984375 0.67734375 0.1125 0.084375
0 0.3015625 0.14765625 0.121875 0.096875
0 0.315625 0.30234375 0.1390625 0.1046875
0 0.26953125 0.6171875 0.165625 0.1140625
0 0.0671875 0.303125 0.0796875 0.059375
0 0.4390625 0.05 0.15625 0.1
0 0.30625 0.81015625 0.1578125 0.1109375