0 0.7609375 0.45234375 0.0359375 0.0625
0 0.6875 0.52890625 0.0375 0.065625
0 0.28984375 0.47890625 0.05 0.0796875
1 0.1609375 0.4890625 0.0578125 0.065625
1 0.48671875 0.5421875 0.0328125 0.05625
0 0.28828125 0.58515625 0.0671875 0.0875
0 0.7296875 0.1140625 0.0234375 0.0390625
1 0.2796875 0.2 0.0359375 0.0625
0 0.6640625 0.2578125 0.034375 0.0546875
0 0.17421875 0.2 0.028125 0.046875
0 0.390625 0.278125 0.03125 0.0546875
1 0.49296875 0.3609375 0.053125 0.078125
0 0.65703125 0.38671875 0.0328125 0.065625
0 0.13984375 0.3140625 0.034375 0.053125
1 0.225 0.33125 0.040625 0.0640625