0 0.5296875 0.5 0.1734375 0.109375
0 0.96484375 0.30703125 0.0703125 0.0390625
0 0.91796875 0.671875 0.078125 0.04375
0 0.9578125 0.0703125 0.084375 0.040625
0 0.92578125 0.43125 0.0828125 0.0546875
0 0.953125 0.10546875 0.0875 0.046875
0 0.09140625 0.7140625 0.1828125 0.16875
0 0.8640625 0.98515625 0.090625 0.0296875
0 0.8734375 0.84296875 0.1203125 0.0640625
0 0.90703125 0.3671875 0.0859375 0.0546875
0 0.8921875 0.3078125 0.1015625 0.065625
0 0.8625 0.5765625 0.090625 0.053125
0 0.83125 0.4984375 0.134375 0.090625
0 0.78203125 0.91328125 0.109375 0.053125
0 0.82734375 0.075 0.134375 0.0828125
0 0.76796875 0.584375 0.1296875 0.071875
0 0.96015625 0.69375 0.053125 0.0453125
0 0.97890625 0.41484375 0.0421875 0.0421875
0 0.7859375 0.2859375 0.10625 0.0734375
0 0.73984375 0.825 0.115625 0.0859375
0 0.70703125 0.6734375 0.13125 0.090625
0 0.7140625 0.35546875 0.1578125 0.096875
0 0.9265625 0.99453125 0.0625 0.0109375
0 0.98515625 0.1609375 0.0296875 0.040625
0 0.953125 0.6421875 0.075 0.0515625
0 0.615625 0.94609375 0.1484375 0.1015625
0 0.6546875 0.16875 0.15 0.09375