1 0.87109375 0.0546875 0.03125 0.090625
0 0.6625 0.0625 0.025 0.0953125
0 0.9046875 0.06640625 0.05625 0.09375
0 0.68515625 0.07578125 0.0625 0.1125
0 0.72109375 0.08046875 0.0234375 0.065625
0 0.52265625 0.10234375 0.059375 0.11875
0 0.565625 0.11953125 0.028125 0.065625
0 0.60859375 0.12265625 0.0234375 0.04375
0 0.37109375 0.12890625 0.05625 0.1125
0 0.45859375 0.1359375 0.025 0.0703125
0 0.42734375 0.14921875 0.025 0.0578125
0 0.28671875 0.1625 0.028125 0.065625
0 0.21640625 0.165625 0.0234375 0.0625
0 0.321875 0.1671875 0.025 0.065625
0 0.18125 0.18203125 0.0609375 0.1234375
0 0.0765625 0.184375 0.034375 0.0703125
0 0.1140625 0.18984375 0.021875 0.0578125
0 0.02578125 0.20625 0.034375 0.08125