0 0.61328125 0.73984375 0.0625 0.034375
0 0.52109375 0.6890625 0.065625 0.0375
0 0.465625 0.29140625 0.0796875 0.05
1 0.42265625 0.16953125 0.065625 0.05625
1 0.45546875 0.4984375 0.05625 0.03125
0 0.3625 0.31796875 0.0859375 0.065625
0 0.93203125 0.621875 0.0390625 0.0234375
1 0.7328125 0.209375 0.0625 0.034375
0 0.7765625 0.59609375 0.0546875 0.034375
0 0.70546875 0.1078125 0.0453125 0.0265625
0 0.6859375 0.33671875 0.0546875 0.03125
1 0.6328125 0.45703125 0.078125 0.053125
0 0.65078125 0.62265625 0.065625 0.0328125
0 0.5859375 0.10390625 0.053125 0.034375
1 0.5921875 0.190625 0.0625 0.0390625