1 0.0171875 0.2296875 0.034375 0.05
0 0.04375 0.43125 0.0875 0.04375
0 0.02109375 0.19375 0.0421875 0.075
0 0.05390625 0.40625 0.1078125 0.084375
0 0.04375 0.37109375 0.06875 0.0359375
0 0.10625 0.56015625 0.128125 0.0828125
0 0.1140625 0.51484375 0.0703125 0.040625
0 0.10859375 0.471875 0.0484375 0.03125
0 0.1640625 0.703125 0.121875 0.078125
0 0.15234375 0.61640625 0.0734375 0.0390625
0 0.171875 0.64375 0.0625 0.0359375
0 0.2140625 0.77890625 0.0703125 0.040625
0 0.23203125 0.846875 0.065625 0.0359375
0 0.21171875 0.74375 0.06875 0.0375
0 0.25546875 0.878125 0.1328125 0.0859375
0 0.27890625 0.97734375 0.0765625 0.0453125
0 0.2765625 0.9421875 0.0609375 0.0328125